proj:       2
zone:       5426
north:      701967.21311475
south:      676885.24590164
east:       1696554.15255906
west:       1677755.12795276
cols:       191
rows:       255
e-w resol:  98.4242126
n-s resol:  98.36065574
format:     0
compressed: 1
