src.contrib/CERL/raster/nodenumber/elev.smooth
north: 5179875
south: 5163225
east: 725885
west: 692585
rows: 185
cols: 370
[rows 0 to 46 of 185, columns 96 to 191 of 370]
0 0 0 0 0 0 0 0 0 0 0 0 0 0 0 0 0 0 0 0 0 0 0 0 0 0 0 0 0 0 0 0 0 0 0 0 0 0 0 0 0 0 0 0 0 0 0 0 0 0 0 0 0 0 0 0 0 0 0 0 0 0 0 0 0 0 0 0 0 0 0 0 0 0 0 0 0 0 0 0 0 0 0 0 0 0 0 0 0 0 0 0 0 0 0 0
0 0 0 0 0 0 0 0 0 0 0 0 0 0 0 0 0 0 0 0 0 0 0 0 0 0 0 0 0 0 0 0 0 0 0 0 0 0 0 0 0 0 0 0 0 0 0 0 0 0 0 0 0 0 0 0 0 0 0 0 0 0 0 0 0 0 0 0 0 0 0 0 0 0 0 0 0 0 0 0 0 0 0 0 0 0 0 0 0 0 0 0 0 0 0 0
0 0 0 0 0 0 0 0 0 0 0 0 0 0 0 0 0 0 0 0 0 0 0 0 0 0 0 0 0 0 0 0 0 0 0 0 0 0 0 0 0 0 0 0 0 0 0 0 0 0 0 0 0 0 0 0 0 0 0 0 0 0 0 0 0 0 0 0 0 0 0 0 0 0 0 0 0 0 0 0 0 0 0 0 0 0 0 0 0 0 0 0 0 0 0 0
0 0 0 0 0 0 0 0 0 0 0 0 0 0 0 0 0 0 0 0 0 0 0 0 0 831 827 821 823 823 0 0 0 0 0 0 0 0 0 0 0 0 0 0 0 0 0 0 0 0 0 0 0 0 0 0 0 0 0 0 0 0 0 0 0 0 0 0 0 0 0 0 0 0 0 0 0 0 0 0 0 0 0 0 0 0 0 0 0 0 0 0 0 0 0 0
0 0 0 0 0 0 0 0 0 0 0 0 0 0 0 0 0 0 0 0 0 0 0 838 827 825 819 802 804 814 804 805 819 821 0 0 0 0 0 0 0 0 0 0 0 0 0 0 0 0 0 0 0 0 0 0 0 0 0 0 0 0 0 0 0 0 0 0 0 0 0 0 0 0 0 0 0 0 0 0 0 0 0 0 0 0 0 0 0 0 0 0 0 0 0 0
0 0 0 0 0 0 0 0 0 0 0 0 0 0 0 0 0 0 0 0 0 0 831 822 809 812 812 792 782 790 791 798 820 821 822 0 0 0 0 0 0 0 0 0 0 0 0 0 0 0 0 0 0 0 0 0 0 0 0 0 0 0 0 0 0 0 0 0 0 0 0 0 0 0 0 0 0 0 0 0 0 0 0 0 0 0 0 0 0 0 0 0 0 0 0 0
0 0 0 0 0 0 0 0 0 0 0 0 0 0 0 0 0 0 0 0 0 831 829 801 788 796 802 782 767 778 780 797 814 820 821 824 827 0 0 0 0 0 0 0 0 0 0 0 0 0 0 0 0 0 0 0 0 0 0 0 0 0 0 0 0 0 0 0 0 0 0 0 0 0 0 0 0 0 0 0 0 0 0 0 0 0 0 0 0 0 0 0 0 0 0 0
0 0 0 0 0 0 0 0 0 0 0 0 0 0 0 0 0 0 0 796 803 806 810 800 771 775 778 768 761 778 785 798 809 816 815 821 825 829 0 0 0 0 0 0 0 0 0 0 0 0 0 0 0 0 0 0 0 0 0 0 0 0 0 0 0 0 0 0 0 0 0 0 0 0 0 0 0 0 0 0 0 0 0 0 0 0 0 0 0 0 0 0 0 0 0 0
0 0 0 0 0 0 0 0 0 0 0 0 0 0 0 0 0 0 0 779 781 783 784 781 764 752 749 754 763 779 788 800 804 803 803 810 823 825 830 0 0 0 0 0 0 0 0 0 0 0 0 0 0 0 0 0 0 0 0 0 0 0 0 0 0 0 0 0 0 0 0 0 0 0 0 0 0 0 0 0 0 0 0 0 0 0 0 0 0 0 0 0 0 0 0 0
0 0 0 0 0 0 0 0 0 0 0 0 0 0 0 0 0 0 751 757 760 762 763 761 756 739 740 748 761 778 786 791 795 779 785 800 816 821 824 830 835 0 0 0 0 0 0 0 0 0 0 0 0 0 0 0 0 0 0 0 0 0 0 0 0 0 0 0 0 0 0 0 0 0 0 0 0 0 0 0 0 0 0 0 0 0 0 0 0 0 0 0 0 0 0 0
0 0 0 0 0 0 0 0 0 0 0 0 0 0 0 0 0 734 739 737 741 748 750 748 741 735 740 747 759 770 779 781 777 770 783 797 802 807 818 823 828 833 840 841 846 0 0 0 0 0 0 0 0 0 0 0 0 0 0 0 0 0 0 0 0 0 0 0 0 0 0 0 0 0 0 0 0 0 0 0 0 0 0 0 0 0 0 0 0 0 0 0 0 0 0 0
0 0 0 0 0 0 0 0 0 0 0 0 0 0 0 0 724 725 726 728 734 739 740 736 729 730 737 744 750 762 767 768 761 759 779 789 792 795 808 810 817 823 831 836 840 852 853 0 0 0 0 0 0 0 0 0 0 0 0 0 0 0 0 0 0 0 0 0 0 0 0 0 0 0 0 0 0 0 0 0 0 0 0 0 0 0 0 0 0 0 0 0 0 0 0 0
0 0 0 0 0 0 0 0 0 0 0 0 0 0 0 0 717 722 716 721 727 727 726 725 719 724 732 738 741 752 757 753 747 756 769 777 777 787 795 796 807 814 819 829 840 849 859 860 863 0 0 0 0 0 0 0 0 0 0 0 0 0 0 0 0 0 0 0 0 0 0 0 0 0 0 0 0 0 0 0 0 0 0 0 0 0 0 0 0 0 0 0 0 0 0 0
0 0 0 0 0 0 0 0 0 0 0 0 0 0 0 0 710 713 714 714 720 718 719 718 713 721 726 732 737 742 743 742 739 748 760 765 767 779 783 786 801 802 812 825 837 845 852 859 863 866 0 0 0 0 0 0 0 0 0 0 0 0 0 0 0 0 0 0 0 0 0 0 0 0 0 0 0 0 0 0 0 0 0 0 0 0 0 0 0 0 0 0 0 0 0 0
0 0 0 0 0 0 0 0 0 0 0 0 0 0 0 700 702 704 704 707 710 710 711 712 709 716 720 727 731 736 734 734 735 740 748 752 760 764 768 778 792 788 803 821 830 836 840 847 860 864 869 0 0 0 0 0 0 0 0 0 0 0 0 0 0 0 0 0 0 0 0 0 0 0 0 0 0 0 0 0 0 0 0 0 0 0 0 0 0 0 0 0 0 0 0 0
0 0 0 0 0 0 0 0 0 0 0 0 0 0 0 699 697 697 697 700 702 701 703 705 705 710 716 722 725 728 728 725 730 735 739 743 752 751 759 772 783 779 797 809 821 826 836 841 858 862 864 868 0 0 0 0 0 0 0 0 0 0 0 0 0 0 0 0 0 0 0 0 0 0 0 0 0 0 0 0 0 0 0 0 0 0 0 0 0 0 0 0 0 0 0 0
0 0 0 0 0 0 0 0 0 0 0 0 0 0 0 696 692 692 691 693 696 695 698 699 701 703 709 716 721 721 721 719 725 731 738 740 742 740 751 760 766 772 781 796 808 820 831 837 850 859 857 858 868 875 880 0 0 0 0 0 0 0 0 0 0 0 0 0 0 0 0 0 0 0 0 0 0 0 0 0 0 0 0 0 0 0 0 0 0 0 0 0 0 0 0 0
0 0 0 0 0 0 0 0 0 0 0 0 0 0 695 690 688 687 685 685 688 690 692 693 693 697 701 708 713 715 714 714 719 724 731 735 735 736 742 747 752 760 778 796 811 820 825 826 838 845 844 843 859 866 878 878 881 0 0 0 0 0 0 0 0 0 0 0 0 0 0 0 0 0 0 0 0 0 0 0 0 0 0 0 0 0 0 0 0 0 0 0 0 0 0 0
0 0 0 0 0 0 0 0 0 0 0 0 0 0 684 684 684 683 681 680 681 686 687 685 684 691 694 698 704 706 705 708 715 719 723 723 727 730 736 739 744 757 771 795 808 813 809 819 830 834 830 831 850 854 857 865 881 883 0 0 0 0 0 0 0 0 0 0 0 0 0 0 0 0 0 0 0 0 0 0 0 0 0 0 0 0 0 0 0 0 0 0 0 0 0 0
0 0 0 0 0 0 0 0 0 0 0 0 0 696 680 680 680 680 678 677 678 681 681 681 680 684 687 692 696 698 700 703 710 717 720 716 720 725 731 736 742 754 769 784 790 787 793 810 821 822 816 822 840 843 849 865 881 882 884 0 0 0 0 0 0 0 0 0 0 0 0 0 0 0 0 0 0 0 0 0 0 0 0 0 0 0 0 0 0 0 0 0 0 0 0 0
0 0 0 0 0 0 0 0 0 0 0 0 710 698 685 680 676 676 675 673 675 678 678 678 678 680 681 685 689 692 695 700 707 714 719 711 716 722 726 731 738 750 762 774 777 772 783 802 811 802 795 813 828 832 844 865 876 880 882 884 0 0 0 0 0 0 0 0 0 0 0 0 0 0 0 0 0 0 0 0 0 0 0 0 0 0 0 0 0 0 0 0 0 0 0 0
0 0 0 0 0 0 0 0 0 0 0 0 726 713 698 689 679 673 671 671 672 674 674 675 674 676 677 680 681 686 691 697 703 706 709 705 710 717 720 726 734 743 753 759 762 761 776 786 790 778 781 798 816 831 856 860 863 860 880 881 883 884 883 890 0 0 0 0 0 0 0 0 0 0 0 0 0 0 0 0 0 0 0 0 0 0 0 0 0 0 0 0 0 0 0 0
0 0 0 0 0 0 0 0 0 0 0 0 740 727 715 698 685 676 669 668 668 669 670 671 671 673 675 676 678 681 685 691 698 700 700 700 705 712 718 724 730 735 741 743 751 758 767 764 760 771 787 803 820 835 860 860 857 855 872 878 877 876 872 882 893 899 900 0 0 0 0 0 0 0 0 0 0 0 0 0 0 0 0 0 0 0 0 0 0 0 0 0 0 0 0 0
0 0 0 0 0 0 0 0 0 0 0 0 740 738 720 714 699 680 673 665 664 665 666 668 668 671 671 673 675 677 680 681 690 694 695 698 700 705 720 722 723 727 734 736 744 752 753 747 759 770 794 809 824 841 860 851 835 845 865 863 854 851 846 869 887 891 892 890 0 0 0 0 0 0 0 0 0 0 0 0 0 0 0 0 0 0 0 0 0 0 0 0 0 0 0 0
0 0 0 0 0 0 0 0 0 0 0 0 740 731 720 720 712 691 678 670 661 661 662 664 665 668 668 670 671 675 677 677 681 688 690 695 699 704 715 714 717 720 728 730 737 741 740 743 756 773 790 810 824 839 846 828 822 842 860 841 829 824 838 858 881 883 888 894 891 0 0 0 0 0 0 0 0 0 0 0 0 0 0 0 0 0 0 0 0 0 0 0 0 0 0 0
0 0 0 0 0 0 0 0 0 0 0 740 738 726 720 720 720 704 683 675 663 660 660 661 662 665 665 666 668 671 673 673 677 680 685 692 699 703 709 705 711 717 723 722 731 737 739 752 761 772 790 805 816 824 825 817 816 837 846 842 805 818 837 854 853 867 885 900 896 895 0 0 0 0 0 0 0 0 0 0 0 0 0 0 0 0 0 0 0 0 0 0 0 0 0 0
0 0 0 0 0 0 0 0 0 0 0 743 736 726 720 719 719 707 689 681 669 660 659 657 660 662 663 663 664 667 670 670 673 675 679 685 692 698 702 700 705 711 718 720 725 734 740 753 767 780 796 803 804 805 797 798 816 826 828 820 798 816 829 837 839 856 879 894 891 883 877 893 0 0 0 0 0 0 0 0 0 0 0 0 0 0 0 0 0 0 0 0 0 0 0 0
743 743 737 724 716 704 705 0 0 0 0 747 736 727 720 713 702 701 694 682 674 663 659 657 659 658 659 659 660 664 667 667 669 671 675 679 683 689 694 696 700 701 713 719 724 733 740 752 764 780 788 794 792 777 779 798 808 809 808 801 786 798 811 819 835 853 877 882 879 871 861 877 887 0 0 0 0 0 0 0 0 0 0 0 0 0 0 0 0 0 0 0 0 0 0 0
731 730 721 717 710 706 707 714 724 740 762 755 740 734 725 715 701 699 685 680 675 667 659 653 653 653 653 655 656 660 663 664 665 667 670 674 678 680 687 690 695 699 711 720 722 730 735 745 757 772 780 777 765 760 775 791 794 794 786 776 777 785 802 819 837 858 866 863 853 840 844 865 870 884 895 0 0 0 0 0 0 0 0 0 0 0 0 0 0 0 0 0 0 0 0 0
704 711 704 695 695 696 699 710 721 734 749 760 743 740 731 722 708 699 689 684 680 673 663 654 647 648 648 650 651 656 659 660 662 663 666 670 673 676 680 684 689 696 705 715 720 725 724 733 745 758 762 756 755 758 768 776 778 776 766 761 772 781 797 817 834 849 860 839 826 819 830 846 855 876 888 889 889 898 907 910 0 0 0 0 0 0 0 0 0 0 0 0 0 0 0 0
682 687 689 682 679 691 697 704 717 727 737 752 743 741 737 725 712 700 695 692 693 679 667 658 646 642 642 645 648 651 654 655 658 660 661 665 669 672 675 678 682 688 695 704 710 717 713 721 735 747 745 739 747 752 759 758 760 761 756 755 767 778 783 807 819 832 839 822 805 811 826 835 839 862 882 884 877 889 903 918 913 0 0 0 0 0 0 0 0 0 0 0 0 0 0 0
672 674 675 674 675 686 697 703 712 720 730 738 745 741 732 724 714 699 686 680 683 679 670 660 649 640 639 641 644 647 649 651 653 656 657 661 665 668 671 673 676 678 683 691 701 702 702 715 726 736 738 732 740 745 748 742 745 747 742 746 755 765 780 795 804 815 823 816 788 804 816 819 833 860 877 872 860 882 897 905 915 909 0 0 0 0 0 0 0 0 0 0 0 0 0 0
665 666 665 663 666 680 691 699 707 716 724 726 735 729 726 714 706 697 682 680 685 684 671 663 655 646 640 638 640 643 644 645 647 651 653 656 660 663 667 668 670 671 674 679 688 694 695 706 716 722 723 725 729 734 737 739 736 738 735 737 742 756 767 777 781 803 805 796 780 790 797 806 825 851 862 855 842 873 887 892 902 916 911 0 0 0 0 0 0 0 0 0 0 0 0 0
658 660 657 654 661 673 687 699 703 712 719 717 716 716 712 708 694 685 679 680 684 682 672 665 660 653 647 640 638 638 641 640 642 645 649 651 655 659 662 663 664 664 668 674 679 681 687 696 704 711 713 717 716 720 725 733 734 730 728 731 736 742 753 757 766 789 795 783 769 779 792 810 826 841 845 834 836 853 868 874 890 906 920 0 0 0 0 0 0 0 0 0 0 0 0 0
653 656 645 644 656 667 683 700 704 711 713 708 702 697 700 694 686 676 678 680 685 681 675 671 667 661 653 646 641 637 635 638 638 641 644 647 649 653 656 658 658 658 662 669 673 676 679 686 695 702 704 706 707 711 720 727 729 724 722 724 731 734 739 745 759 776 781 759 760 779 801 817 825 837 830 820 823 837 845 860 885 902 920 923 0 0 0 0 0 0 0 0 0 0 0 0
649 647 639 642 654 667 681 700 705 713 716 706 701 697 685 677 676 673 675 680 684 686 681 678 674 667 660 653 644 640 635 634 635 638 639 642 644 647 649 651 654 655 658 664 669 672 675 679 685 691 695 696 696 702 712 721 723 723 716 720 725 727 734 739 751 759 752 756 764 780 800 820 821 823 821 801 817 829 841 867 884 896 906 904 918 937 0 0 0 0 0 0 0 0 0 0
644 639 636 642 654 666 677 700 705 714 719 707 702 701 692 680 671 667 670 677 682 683 684 682 680 672 665 659 648 642 638 632 633 635 637 639 640 640 643 644 648 651 655 659 664 669 671 675 678 683 686 688 690 695 703 709 715 717 712 713 720 720 731 734 740 743 740 751 763 780 799 804 808 799 798 803 822 833 847 863 871 874 886 895 917 937 941 0 0 0 0 0 0 0 0 0
639 634 632 639 650 660 673 691 703 711 717 708 703 701 697 683 672 664 660 662 680 680 680 681 680 673 666 659 646 644 641 636 631 633 634 636 637 638 638 639 643 648 652 656 659 665 667 670 674 678 678 679 683 686 692 696 701 703 706 706 713 719 725 728 730 734 738 748 763 777 787 792 781 780 791 809 829 842 860 860 848 855 870 895 920 940 940 942 944 0 0 0 0 0 0 0
632 627 630 637 645 656 666 679 696 706 709 707 704 700 694 684 674 666 660 660 671 671 673 677 676 666 663 656 647 644 641 640 630 630 632 633 635 635 636 638 640 644 649 653 657 662 665 665 670 674 676 676 680 679 679 683 691 694 697 700 705 714 720 723 721 727 733 740 755 766 777 768 767 783 800 817 827 844 858 860 846 850 879 898 913 918 921 921 934 944 948 955 958 955 951 0
629 622 628 635 641 652 659 669 681 695 703 702 701 695 686 680 675 668 661 658 660 663 662 663 664 661 658 653 647 644 641 640 633 628 630 631 632 633 634 636 638 641 646 649 653 657 661 660 666 669 671 673 676 674 675 678 683 686 689 693 699 708 713 715 714 720 726 736 747 755 761 757 763 784 800 816 825 832 840 844 830 837 865 885 895 899 889 900 915 924 927 945 937 940 944 944
626 620 626 633 640 648 652 659 668 679 689 690 686 688 682 680 673 666 659 655 656 657 655 654 655 655 655 652 650 648 643 638 630 627 628 629 630 630 631 634 637 639 643 646 649 652 656 657 663 665 666 669 671 669 671 673 678 679 681 686 693 700 707 708 710 714 720 730 738 742 742 748 760 780 787 800 813 820 830 830 817 826 847 864 875 875 872 892 897 897 906 924 904 913 932 937
622 619 622 631 639 644 645 650 656 664 673 670 675 676 680 680 672 661 658 652 651 651 653 649 650 652 656 657 655 653 647 639 632 627 626 628 628 629 630 632 634 637 641 643 644 646 649 653 659 660 660 661 665 666 667 669 675 677 678 680 687 694 699 700 702 706 716 723 732 736 734 742 752 765 771 780 788 806 821 819 801 818 834 841 849 842 863 880 874 874 895 900 889 891 909 925
619 618 620 627 634 637 639 642 642 650 659 656 662 668 678 680 671 661 654 649 646 646 647 649 648 651 660 660 661 658 653 645 636 630 625 626 627 628 629 630 631 633 638 640 642 642 645 649 653 655 655 656 659 662 663 664 671 674 675 677 680 687 690 694 698 700 711 718 725 727 727 733 738 749 756 761 780 802 818 801 790 806 822 835 834 831 844 859 843 862 877 882 861 878 893 899
616 617 620 623 629 629 630 633 634 637 640 644 648 659 673 678 667 658 650 645 649 651 652 652 647 649 657 664 666 666 659 651 642 633 625 624 625 626 627 628 629 630 635 639 640 640 642 644 648 651 650 652 656 657 661 660 668 671 673 675 677 680 684 687 694 699 706 713 718 721 720 723 729 737 745 756 777 793 797 786 783 801 817 827 828 815 824 835 840 852 858 855 851 861 885 883
615 617 619 620 623 624 622 626 627 630 633 637 638 650 664 670 657 649 643 648 654 656 656 654 648 644 653 659 670 673 666 657 648 638 626 623 623 624 625 625 624 626 631 634 635 636 638 639 642 645 646 647 650 653 657 659 664 669 670 672 674 677 679 680 691 696 701 708 712 718 715 716 721 728 737 748 765 775 773 768 779 794 803 813 822 807 813 820 833 834 832 833 838 854 871 874
615 616 617 619 619 619 619 620 620 623 627 630 632 638 654 661 657 640 641 658 660 661 660 656 649 640 648 657 665 677 675 665 654 643 630 621 622 623 623 622 621 620 628 630 629 632 635 636 638 640 640 641 644 649 654 657 661 665 667 669 672 674 677 679 687 693 697 703 704 707 704 709 715 721 733 744 756 756 755 760 772 778 784 799 804 794 805 811 818 820 815 820 835 847 855 855
614 615 617 617 617 617 617 618 619 619 621 624 626 630 640 653 648 640 643 660 661 662 661 659 649 640 641 651 659 679 684 672 660 647 635 622 620 621 621 620 619 620 622 623 621 629 631 633 636 637 638 639 640 645 650 654 658 663 664 667 669 671 675 678 683 688 692 696 700 698 697 702 710 717 727 739 746 746 746 752 761 763 771 780 779 785 795 801 790 796 811 819 828 837 843 840
