src.contrib/CERL/raster/nodenumber/elev.smooth
north: 5179875
south: 5163225
east: 725885
west: 692585
rows: 185
cols: 370
[rows 47 to 93 of 185, columns 192 to 287 of 370]
812 813 819 811 804 805 815 829 851 868 882 896 889 881 900 916 927 936 0 0 0 0 0 0 0 0 0 0 0 0 0 0 0 0 0 0 0 0 0 0 0 0 0 0 0 0 0 0 0 0 0 0 0 0 0 0 0 0 0 0 0 0 0 0 0 0 0 0 0 0 0 0 0 0 0 0 0 0 0 0 0 0 0 0 0 0 0 0 0 0 0 0 0 0 0 0
798 805 807 799 790 801 816 832 852 862 871 879 883 869 885 898 918 935 0 0 0 0 0 0 0 0 0 0 0 0 0 0 0 0 0 0 0 0 0 0 0 0 0 0 0 0 0 0 0 0 0 0 0 0 0 0 0 0 0 0 0 0 0 0 0 0 0 0 0 0 0 0 0 0 0 0 0 0 0 0 0 0 0 0 0 0 0 0 0 0 0 0 0 0 0 0
789 792 790 788 788 806 821 834 845 848 853 858 860 860 874 894 909 929 945 0 0 0 0 0 0 0 0 0 0 0 0 0 0 0 0 0 0 0 0 0 0 0 0 0 0 0 0 0 0 0 0 0 0 0 0 0 0 0 0 0 0 0 0 0 0 0 0 0 0 0 0 0 0 0 0 0 0 0 0 0 0 0 0 0 0 0 0 0 0 0 0 0 0 0 0 0
783 777 774 780 791 810 823 834 836 836 833 839 843 858 886 911 920 935 950 0 0 0 0 0 0 0 0 0 0 0 0 0 0 0 0 0 0 0 0 0 0 0 0 0 0 0 0 0 0 0 0 0 0 0 0 0 0 0 0 0 0 0 0 0 0 0 0 0 0 0 0 0 0 0 0 0 0 0 0 0 0 0 0 0 0 0 0 0 0 0 0 0 0 0 0 0
778 766 766 780 796 805 820 825 826 817 825 840 855 877 901 923 943 944 0 0 0 0 0 0 0 0 0 0 0 0 981 0 0 0 0 0 0 0 0 0 0 0 0 0 0 0 0 0 0 0 0 0 0 0 0 0 0 0 0 0 0 0 0 0 0 0 0 0 0 0 0 0 0 0 0 0 0 0 0 0 0 0 0 0 0 0 0 0 0 0 0 0 0 0 0 0
759 754 767 780 793 804 811 802 797 805 825 849 867 890 915 940 950 941 938 943 947 955 961 0 0 0 0 989 983 978 969 960 951 948 951 954 0 0 0 0 0 0 0 0 0 0 0 0 0 0 0 0 0 0 0 0 0 0 0 0 0 0 0 0 0 0 0 0 0 0 0 0 0 0 0 0 0 0 0 0 0 0 0 0 0 0 0 0 0 0 0 0 0 0 0 0
746 750 766 781 787 797 799 785 797 811 831 848 874 895 920 940 943 927 915 922 931 946 964 973 979 978 976 971 969 965 950 940 939 932 945 952 959 0 0 0 0 0 0 0 0 0 0 0 0 0 0 0 0 0 0 0 0 0 0 0 0 0 0 0 0 0 0 0 0 0 0 0 0 0 0 0 0 0 0 0 0 0 0 0 0 0 0 0 0 0 0 0 0 0 0 0
739 749 764 778 782 783 778 780 806 820 837 852 872 886 906 921 928 917 892 900 920 949 968 976 970 954 953 958 949 950 941 922 915 922 943 950 953 959 0 0 0 0 0 0 0 0 0 0 0 0 0 0 0 0 0 0 0 0 0 0 0 0 0 0 0 0 0 0 0 0 0 0 0 0 0 0 0 0 0 0 0 0 0 0 0 0 0 0 0 0 0 0 0 0 0 0
735 745 756 768 768 764 771 783 800 822 837 847 859 870 880 893 899 884 880 911 938 961 971 972 960 942 926 942 937 935 931 916 903 922 932 936 946 955 960 0 0 0 0 0 0 0 0 0 0 0 0 0 0 0 0 0 0 0 0 0 0 0 0 0 0 0 0 0 0 0 0 0 0 0 0 0 0 0 0 0 0 0 0 0 0 0 0 0 0 0 0 0 0 0 0 0
730 738 747 756 759 760 776 790 802 816 825 834 837 849 861 872 872 868 881 914 950 966 971 970 955 936 908 925 922 916 916 896 895 910 916 933 947 951 949 958 969 974 972 970 962 971 0 0 0 0 0 0 0 0 0 0 0 0 0 0 0 0 0 0 0 0 0 0 0 0 0 0 0 0 0 0 0 0 0 0 0 0 0 0 0 0 0 0 0 0 0 0 0 0 0 0
726 734 737 743 746 758 774 784 793 803 814 815 815 829 849 851 846 857 882 925 946 956 963 963 950 929 905 897 901 891 899 879 888 900 916 938 950 942 932 950 960 956 958 952 948 968 980 992 1004 0 0 0 0 0 0 0 0 0 0 0 0 0 0 0 0 0 0 0 0 0 0 0 0 0 0 0 0 0 0 0 0 0 0 0 0 0 0 0 0 0 0 0 0 0 0 0
722 729 732 736 741 753 763 774 782 792 802 800 811 830 840 832 842 869 891 917 931 940 939 951 944 926 900 879 881 878 873 873 905 923 940 948 938 925 922 946 954 940 939 931 942 966 975 983 997 1011 1020 0 0 0 0 0 0 0 0 0 0 0 0 0 0 0 0 0 0 0 0 0 0 0 0 0 0 0 0 0 0 0 0 0 0 0 0 0 0 0 0 0 0 0 0 0
719 725 729 731 737 744 753 763 770 781 786 795 807 816 818 829 848 871 887 901 902 905 915 935 934 921 902 879 856 861 859 878 911 939 942 938 927 906 924 945 950 935 915 919 941 956 958 965 980 1000 1013 1021 1023 1024 0 0 0 0 0 0 0 0 0 0 0 0 0 0 0 0 0 0 0 0 0 0 0 0 0 0 0 0 0 0 0 0 0 0 0 0 0 0 0 0 0 0
715 720 723 726 729 734 744 752 760 771 779 790 798 800 809 827 845 860 871 879 871 874 897 916 922 903 891 872 856 845 865 891 916 937 932 919 900 898 928 944 948 935 903 919 940 949 939 950 971 987 1001 1006 1006 1008 1013 0 0 0 0 0 0 0 0 0 0 0 0 0 0 0 0 0 0 0 0 0 0 0 0 0 0 0 0 0 0 0 0 0 0 0 0 0 0 0 0 0
710 714 718 722 725 729 737 746 755 765 776 785 783 793 810 824 834 842 854 857 856 862 887 898 898 878 866 852 840 843 877 897 921 934 915 902 880 896 919 938 940 928 901 903 924 925 928 957 972 979 982 978 984 988 1001 1012 0 0 0 0 0 0 0 0 0 0 0 0 0 0 0 0 0 0 0 0 0 0 0 0 0 0 0 0 0 0 0 0 0 0 0 0 0 0 0 0
705 708 712 718 720 727 733 741 750 762 772 775 781 798 806 809 818 825 833 834 839 859 876 882 877 862 842 828 835 853 884 903 919 925 916 881 869 892 912 928 932 917 893 894 911 907 931 955 970 970 964 960 959 975 989 1004 1016 1022 0 0 0 0 0 0 0 0 0 0 0 0 0 0 0 0 0 0 0 0 0 0 0 0 0 0 0 0 0 0 0 0 0 0 0 0 0 0
702 703 707 713 719 724 730 738 749 757 761 772 784 795 800 799 798 809 810 822 838 854 860 861 853 843 830 823 845 864 885 907 912 909 898 874 860 886 908 920 920 905 884 880 890 918 940 960 970 957 942 940 952 963 976 990 1007 1019 1025 0 0 0 0 0 0 0 0 0 0 0 0 0 0 0 0 0 0 0 0 0 0 0 0 0 0 0 0 0 0 0 0 0 0 0 0 0
696 700 702 709 716 721 727 734 743 750 758 771 779 789 790 783 786 794 803 819 831 841 849 841 836 823 816 830 852 873 891 901 898 892 881 867 850 881 899 912 905 888 868 874 901 923 949 962 968 946 924 934 944 955 965 976 989 1004 1015 1024 1032 0 0 0 0 0 0 0 0 0 0 0 0 0 0 0 0 0 0 0 0 0 0 0 0 0 0 0 0 0 0 0 0 0 0 0
692 696 701 706 712 718 724 730 739 743 749 756 766 776 781 770 779 790 802 806 816 827 833 831 817 803 800 820 852 873 885 889 881 874 862 847 851 880 895 902 898 872 859 876 902 927 944 952 951 929 909 921 934 947 955 964 974 983 997 1008 1020 1031 1039 0 0 0 0 0 0 0 0 0 0 0 0 0 0 0 0 0 0 0 0 0 0 0 0 0 0 0 0 0 0 0 0 0
687 692 698 703 709 714 720 727 731 735 737 742 750 760 764 769 780 790 794 796 803 811 817 813 798 790 805 825 854 871 873 869 867 852 837 831 849 871 892 892 885 869 850 876 898 918 931 934 922 914 904 920 930 938 944 942 951 960 970 982 1004 1017 1031 1041 0 0 0 0 0 0 0 0 0 0 0 0 0 0 0 0 0 0 0 0 0 0 0 0 0 0 0 0 0 0 0 0
683 687 693 697 703 709 717 722 726 729 727 734 739 747 755 767 772 778 782 786 794 802 802 796 786 794 812 833 852 863 861 848 838 834 832 842 858 868 890 883 869 855 843 869 892 905 910 906 897 890 907 912 915 930 935 921 932 942 948 960 979 1001 1014 1031 1033 0 0 0 0 0 0 0 0 0 0 0 0 0 0 0 0 0 0 0 0 0 0 0 0 0 0 0 0 0 0 0
679 683 688 693 698 703 709 717 720 722 722 728 734 738 746 754 762 764 771 773 782 790 784 773 775 793 811 831 847 859 841 829 810 810 832 853 868 880 890 881 861 842 834 862 879 890 891 876 876 897 903 890 907 918 921 914 912 918 923 947 964 979 999 1010 1016 1021 0 0 0 0 0 0 0 0 0 0 0 0 0 0 0 0 0 0 0 0 0 0 0 0 0 0 0 0 0 0
675 679 683 688 693 698 704 709 714 713 719 724 728 731 736 744 752 756 758 769 775 776 761 769 782 795 809 824 837 842 840 808 800 810 833 855 868 878 879 868 858 827 830 850 866 880 876 862 880 891 881 878 902 907 909 903 891 900 916 935 953 966 979 990 1001 1006 1001 0 0 0 0 0 0 0 0 0 0 0 0 0 0 0 0 0 0 0 0 0 0 0 0 0 0 0 0 0
672 675 679 683 690 694 698 701 704 709 715 721 723 725 728 735 742 749 751 759 765 763 760 770 779 795 803 813 823 825 820 797 801 816 833 843 851 863 865 859 840 822 833 852 867 872 857 861 877 875 869 876 893 891 887 883 877 899 914 927 943 954 961 969 979 994 990 990 0 0 0 0 0 0 0 0 0 0 0 0 0 0 0 0 0 0 0 0 0 0 0 0 0 0 0 0
668 671 675 678 684 691 693 696 699 704 708 714 718 717 724 728 732 738 743 748 749 749 756 765 776 784 795 803 805 803 796 790 802 818 828 833 839 854 852 836 829 810 836 855 862 855 847 864 868 851 851 870 879 866 862 860 875 892 904 921 936 947 939 954 972 985 980 993 1010 0 0 0 0 0 0 0 0 0 0 0 0 0 0 0 0 0 0 0 0 0 0 0 0 0 0 0
664 668 671 675 679 685 690 691 694 699 702 705 707 710 719 723 727 730 736 739 739 744 751 760 773 782 789 789 781 779 780 789 802 810 816 814 829 844 842 826 818 808 831 847 848 837 849 856 850 839 847 857 862 849 859 872 880 882 890 907 923 928 930 961 977 986 979 990 1009 1021 1032 0 0 0 0 0 0 0 0 0 0 0 0 0 0 0 0 0 0 0 0 0 0 0 0 0
660 664 668 671 675 679 684 686 689 693 695 699 700 707 715 720 724 727 730 734 735 740 749 758 768 776 777 773 770 770 780 791 799 802 799 808 820 831 833 826 808 802 830 833 823 834 839 837 832 831 835 837 839 842 870 892 903 910 911 911 917 932 943 974 981 982 970 983 1007 1022 1031 1043 0 0 0 0 0 0 0 0 0 0 0 0 0 0 0 0 0 0 0 0 0 0 0 0
659 660 664 668 670 673 678 682 686 689 690 696 700 707 712 718 721 724 727 729 730 736 743 752 759 770 766 760 763 775 782 790 791 793 792 798 809 821 814 810 796 806 808 813 822 831 832 821 816 822 824 835 847 861 874 909 919 927 933 935 948 954 964 973 981 974 960 976 1003 1018 1028 1041 1050 1059 0 0 0 0 0 0 0 0 0 0 0 0 0 0 0 0 0 0 0 0 0 0
658 659 661 665 668 670 673 678 683 686 690 694 698 703 709 715 719 722 723 725 727 731 736 744 752 760 752 756 767 774 782 783 781 780 783 792 806 810 802 782 790 800 804 821 822 820 816 810 812 823 831 842 857 870 886 900 916 930 942 950 960 970 974 980 981 948 956 977 1002 1025 1034 1041 1050 1063 1072 0 0 0 0 0 0 0 0 0 0 0 0 0 0 0 0 0 0 0 0 0
658 659 660 663 666 668 669 675 680 684 688 691 696 700 706 712 717 720 719 721 724 728 731 738 743 750 747 755 765 774 780 774 769 772 780 795 803 805 783 786 798 804 810 819 805 804 803 810 819 832 838 849 861 869 877 891 903 912 923 938 949 955 965 972 967 941 968 983 1007 1027 1044 1052 1057 1059 1073 1081 0 0 0 0 0 0 0 0 0 0 0 0 0 0 0 0 0 0 0 0
657 659 660 662 664 667 669 672 677 681 686 690 693 696 701 708 712 717 714 718 720 725 729 735 739 741 742 751 758 768 772 766 763 773 787 799 810 805 773 789 789 801 807 804 791 800 804 811 824 836 842 848 852 851 854 863 881 879 892 906 920 932 937 945 936 936 970 996 1018 1036 1058 1060 1065 1066 1070 1080 0 0 0 0 0 0 0 0 0 0 0 0 0 0 0 0 0 0 0 0
656 658 660 661 663 665 667 670 675 680 684 687 690 693 697 702 707 711 712 715 719 723 727 732 735 736 739 747 751 756 761 760 763 776 785 796 797 786 770 773 778 781 787 792 798 805 810 817 829 830 837 838 833 830 843 846 850 860 870 880 893 905 909 912 925 941 967 997 1031 1050 1063 1070 1076 1079 1081 1090 0 0 0 0 0 0 0 0 0 0 0 0 0 0 0 0 0 0 0 0
658 658 659 660 661 663 666 668 672 677 681 684 687 690 694 699 703 707 708 711 718 722 726 730 730 730 736 741 745 750 751 750 759 767 771 773 779 768 769 770 785 799 801 804 805 807 810 813 819 822 828 826 820 834 852 863 875 883 883 908 912 907 918 941 949 963 981 1005 1036 1057 1076 1080 1089 1095 1102 1102 1115 0 0 0 0 0 0 0 0 0 0 0 0 0 0 0 0 0 0 0
660 660 660 664 662 662 664 667 669 674 678 680 684 688 691 695 698 701 706 710 716 720 723 726 729 727 731 736 740 740 743 750 753 754 751 750 751 760 771 779 791 799 805 808 802 797 800 806 810 818 822 811 819 834 845 862 878 894 910 927 939 946 947 954 969 971 981 1001 1026 1051 1072 1092 1105 1113 1119 1124 1130 0 0 0 0 0 0 0 0 0 0 0 0 0 0 0 0 0 0 0
675 667 662 669 668 665 662 665 668 670 674 677 681 685 689 691 695 700 704 709 713 717 720 722 724 723 726 730 732 734 742 747 747 743 747 753 761 770 777 784 791 800 803 804 792 790 796 803 810 815 819 810 819 830 840 856 871 889 906 922 935 941 946 954 954 954 960 976 1004 1028 1057 1082 1109 1137 1158 1164 1162 0 0 0 0 0 0 0 0 0 0 0 0 0 0 0 0 0 0 0
699 692 678 677 674 668 665 665 667 669 671 675 680 684 687 690 693 698 701 706 709 714 717 719 719 720 720 725 730 735 741 744 739 741 750 755 764 771 779 785 792 799 800 793 784 786 791 800 806 804 802 808 816 826 835 846 864 882 896 910 923 918 924 938 940 931 946 960 980 1014 1036 1070 1098 1134 1175 1188 1191 1191 0 0 0 0 0 0 0 0 0 0 0 0 0 0 0 0 0 0
720 720 705 689 686 671 667 664 666 669 670 674 680 682 685 688 691 695 700 702 704 709 712 714 713 718 720 726 730 734 739 735 737 747 750 755 763 771 777 781 788 793 792 790 779 782 784 789 790 791 799 807 811 821 831 842 856 869 884 897 909 901 906 920 919 922 947 973 1001 1021 1049 1066 1106 1134 1181 1201 1210 1215 0 0 0 0 0 0 0 0 0 0 0 0 0 0 0 0 0 0
747 742 730 719 700 684 670 667 665 667 670 673 678 681 683 686 689 692 696 697 700 703 706 710 716 720 721 726 729 730 730 730 739 745 750 752 760 769 773 780 785 785 783 781 777 778 779 780 786 794 803 808 811 821 829 838 850 865 876 887 893 891 896 909 905 914 942 968 997 1029 1057 1092 1112 1141 1172 1210 1228 1233 0 0 0 0 0 0 0 0 1129 0 0 0 0 0 0 0 0 0
761 752 741 724 700 698 684 670 668 666 669 672 676 680 682 683 686 689 690 696 699 700 704 709 715 720 722 725 723 724 729 732 740 741 747 752 760 770 775 781 783 777 776 773 775 773 777 779 783 797 809 813 812 818 822 837 851 862 865 868 869 872 889 902 892 905 928 952 982 1019 1053 1086 1106 1131 1164 1196 1221 1236 0 0 0 0 0 1139 1120 1122 1104 1086 1088 0 0 0 0 0 0 0
760 758 742 725 722 724 700 690 677 669 668 670 674 679 680 680 690 692 696 700 701 703 708 710 715 719 721 722 720 724 730 735 737 737 741 750 761 770 774 780 779 775 770 768 771 770 775 780 788 801 810 809 802 803 813 832 846 854 855 850 859 870 888 883 882 902 919 941 978 1012 1040 1062 1075 1110 1142 1167 1186 1207 1214 1211 1191 1150 1133 1120 1094 1079 1079 1059 1048 1047 1065 1068 1080 1066 1044 1059
755 757 748 743 743 737 717 727 712 686 671 668 670 673 678 680 688 690 691 698 700 703 709 711 714 718 717 719 720 726 730 732 732 731 737 746 757 766 770 773 774 770 761 763 766 768 772 779 787 794 802 796 790 798 812 826 836 838 837 846 864 878 879 870 882 896 917 937 970 992 1014 1028 1055 1087 1117 1120 1149 1167 1167 1167 1155 1115 1101 1083 1076 1054 1049 1038 1021 1028 1042 1048 1055 1054 1019 1037
747 750 755 754 754 747 746 744 739 707 698 679 671 671 675 679 683 688 690 695 700 706 710 712 714 712 710 718 722 727 727 728 729 728 735 743 754 759 760 767 769 765 760 758 759 763 769 776 780 783 786 786 790 801 810 820 828 827 836 851 867 872 859 863 877 892 911 931 956 973 988 1015 1041 1058 1083 1087 1114 1130 1118 1122 1126 1103 1070 1052 1039 1020 1019 1013 1001 1006 1023 1026 1036 1032 1017 1026
740 741 742 748 751 756 754 752 750 734 728 700 681 673 671 675 681 686 690 694 700 704 704 709 709 710 712 720 723 725 724 724 723 725 731 739 749 754 755 757 761 760 754 753 756 759 764 771 772 774 778 782 793 801 806 814 818 825 846 858 866 856 849 859 870 890 902 919 943 959 978 996 1013 1029 1040 1055 1087 1088 1070 1076 1086 1076 1055 1023 1013 1005 1002 993 978 987 995 1014 1020 1014 997 1011
737 735 736 739 744 755 758 756 752 750 731 706 708 685 677 672 677 683 688 692 695 697 699 700 703 709 712 720 721 722 722 721 719 721 727 732 739 746 749 752 757 756 750 750 753 756 759 763 770 767 775 785 791 796 801 806 811 828 844 858 860 840 845 858 867 882 897 911 927 948 959 973 981 1004 1010 1030 1044 1060 1046 1037 1044 1046 1032 1004 995 985 986 980 961 971 990 1004 1005 1000 981 1000
734 731 735 738 741 753 760 761 758 753 739 736 738 717 697 680 674 680 685 690 692 691 696 700 703 708 712 716 719 720 720 720 716 720 725 730 733 740 742 750 754 752 747 747 750 753 755 757 760 763 775 783 789 789 795 800 809 821 833 839 844 836 840 854 864 876 888 899 915 932 942 950 968 982 992 1003 1008 1016 1023 1014 1009 1006 1004 997 977 972 962 968 950 971 982 989 994 985 968 979
729 729 735 738 743 754 768 770 768 764 750 749 756 742 723 699 679 678 681 685 686 689 692 698 702 705 708 711 713 715 719 711 718 720 728 734 741 749 751 752 754 748 740 743 747 750 750 752 757 761 772 778 781 784 791 795 802 812 818 828 828 828 836 847 859 864 875 885 901 915 920 938 951 966 976 984 981 991 997 987 981 978 975 976 970 961 947 943 940 964 964 971 983 976 958 971
723 727 732 740 751 762 771 780 779 775 772 772 768 760 749 723 688 677 680 680 680 684 689 693 700 702 705 707 709 709 711 708 715 720 727 736 745 750 752 753 748 748 737 740 743 745 745 750 756 762 771 774 777 780 787 788 793 799 808 813 815 822 829 837 846 853 863 873 886 900 912 923 937 951 957 961 966 965 973 972 970 958 954 958 954 943 935 926 944 957 950 970 978 974 948 963
