src.contrib/CERL/raster/nodenumber/elev.smooth
north: 5179875
south: 5163225
east: 725885
west: 692585
rows: 185
cols: 370
[rows 94 to 140 of 185, columns 192 to 287 of 370]
721 727 733 740 760 770 777 780 781 782 780 777 774 767 758 740 705 688 682 678 679 680 685 689 696 699 702 703 705 700 702 708 712 716 721 730 738 748 750 747 743 740 733 736 739 740 743 750 755 760 767 770 774 778 780 780 787 794 800 806 808 815 820 828 834 842 851 863 871 886 900 911 924 931 935 939 946 944 952 958 958 937 935 940 939 934 922 921 939 945 944 967 971 968 944 953
721 728 734 740 760 771 775 780 781 783 782 780 778 771 762 751 724 714 705 699 696 687 681 687 690 695 698 698 699 698 701 707 709 711 717 721 728 734 740 739 738 733 730 732 734 736 742 748 753 757 762 768 771 773 776 779 782 789 795 801 804 808 812 819 826 833 840 851 862 874 891 899 909 915 918 920 928 931 935 939 937 933 917 922 923 919 915 913 926 922 940 958 964 956 936 936
721 727 734 740 753 764 767 770 778 780 781 780 778 771 765 753 739 733 731 723 711 698 689 683 687 691 693 694 694 698 700 703 705 707 710 718 722 726 729 728 729 728 728 731 730 734 740 744 748 753 759 763 766 770 772 776 779 785 791 796 800 800 805 812 819 826 833 841 851 866 878 887 895 899 899 909 912 914 917 918 919 916 910 906 907 908 903 906 907 915 933 950 948 940 924 928
721 726 733 739 748 752 754 762 774 777 777 774 772 770 762 756 751 746 737 727 714 700 698 689 683 686 690 690 692 696 699 700 700 704 709 715 718 721 724 725 723 724 726 728 728 732 737 741 744 751 755 758 761 763 769 772 777 780 786 788 791 794 799 804 810 818 825 833 842 856 866 872 884 890 891 891 892 900 901 900 902 899 896 896 893 895 893 896 901 918 931 941 940 921 911 926
719 723 730 735 740 745 749 762 771 772 767 763 760 760 760 759 754 748 740 726 713 709 708 704 694 685 685 688 691 693 697 698 699 702 707 712 715 717 719 720 721 722 724 726 726 729 732 736 741 747 751 754 757 759 763 770 773 776 780 781 783 786 792 797 804 809 817 823 833 840 851 859 868 873 879 879 876 882 884 887 886 883 885 887 880 885 882 887 896 913 919 923 931 917 903 915
719 721 727 731 736 739 746 758 764 763 760 754 752 757 760 760 755 750 738 728 719 719 715 711 706 696 690 686 689 690 696 697 698 700 704 709 712 713 714 718 720 720 721 723 723 726 729 733 738 742 745 750 753 755 759 766 770 773 776 776 777 779 786 790 797 802 808 813 822 831 837 848 852 860 865 867 863 865 868 873 870 869 876 873 875 875 873 880 893 900 898 905 917 912 897 905
721 719 723 728 732 737 741 749 755 752 751 749 750 757 761 761 754 747 739 727 725 724 721 718 712 701 693 688 687 690 694 695 697 699 702 706 709 711 712 715 718 719 720 720 720 723 727 730 735 739 740 745 748 752 757 761 768 769 771 772 773 776 779 784 789 795 800 804 809 819 828 835 839 845 851 855 855 853 855 858 859 863 866 864 866 869 866 875 886 886 882 895 904 901 890 898
726 721 721 724 729 734 738 740 744 745 742 746 754 762 762 759 752 744 737 730 730 729 725 720 715 704 695 690 688 689 693 694 696 698 700 702 705 708 711 713 715 716 717 717 719 720 725 728 732 735 739 741 744 750 755 759 766 765 765 767 769 772 774 778 780 787 791 796 801 806 816 822 831 834 838 840 845 840 841 844 848 856 852 856 861 863 861 868 874 869 872 887 893 889 886 890
732 726 723 722 725 730 735 736 737 737 739 746 754 763 758 753 751 743 737 732 732 730 724 720 714 706 695 690 688 688 691 692 694 696 698 699 702 705 709 710 711 712 714 714 718 720 723 727 730 732 736 738 743 751 755 760 766 760 760 761 763 767 770 773 776 779 782 786 792 796 804 811 820 825 826 830 834 836 832 834 841 845 846 847 852 856 856 859 861 858 867 875 878 877 880 883
737 731 728 726 723 730 731 732 733 730 737 749 755 754 751 746 745 746 740 737 735 729 720 716 711 704 697 690 690 688 690 691 693 694 696 700 701 702 705 708 709 709 711 712 716 720 722 725 728 730 732 736 741 751 756 762 765 758 756 757 758 761 763 768 772 774 776 780 783 790 793 803 808 811 814 819 824 825 827 826 832 836 838 840 843 848 848 849 846 851 859 865 866 867 871 870
743 736 732 730 727 725 727 729 728 729 734 744 749 750 743 738 737 742 741 737 732 729 721 712 706 700 695 692 692 690 690 692 693 694 695 698 699 700 701 704 706 706 708 711 714 718 721 723 726 727 730 735 742 751 755 760 761 758 751 753 755 757 757 761 765 769 770 774 777 782 786 792 797 801 806 809 810 812 816 821 826 831 830 834 837 841 840 843 839 842 849 856 860 861 862 869
749 740 736 735 731 727 728 726 725 727 732 739 744 740 737 730 727 734 737 733 731 726 721 708 702 697 693 693 695 693 693 694 695 694 694 696 697 699 700 702 704 704 707 710 713 716 720 721 723 724 728 733 741 748 753 757 759 754 747 749 751 753 754 756 759 760 765 769 772 776 781 784 788 793 798 802 803 805 809 814 819 821 823 827 830 834 835 838 836 837 840 848 855 856 860 866
754 741 740 738 736 732 730 731 728 724 727 733 737 735 729 721 722 726 728 730 726 723 717 711 699 695 696 696 697 696 697 697 697 696 696 696 695 698 699 700 701 703 706 708 711 714 717 720 721 722 726 731 737 742 750 752 753 750 744 744 746 748 749 752 754 755 759 763 767 771 775 780 782 786 790 794 797 800 805 808 813 815 817 819 823 825 829 830 832 835 838 844 849 850 857 863
767 765 760 758 749 749 743 741 735 728 723 729 727 726 724 719 718 719 719 722 720 717 712 706 698 699 700 700 699 698 699 700 700 697 698 697 696 697 699 700 700 702 705 707 710 712 714 716 718 721 724 727 731 736 742 746 748 744 739 740 740 742 744 747 748 750 755 758 762 767 770 774 777 780 784 787 792 796 800 804 808 809 809 812 814 820 822 824 828 831 836 839 840 846 853 856
783 781 780 779 766 758 750 744 739 730 727 721 720 720 720 718 714 712 710 710 712 710 706 701 699 702 702 701 699 699 700 701 701 699 699 698 697 697 698 700 700 701 703 706 709 711 711 712 716 719 721 724 727 731 734 740 740 738 736 737 736 737 739 743 744 747 750 755 758 762 766 769 773 777 778 782 787 791 795 800 804 805 805 807 809 815 815 818 824 829 833 835 837 840 843 849
775 774 774 769 759 758 749 739 735 732 730 727 724 725 722 718 717 715 712 710 707 705 703 701 700 702 702 700 700 700 700 701 704 701 700 699 699 697 698 699 700 701 702 705 707 708 710 710 713 716 718 720 723 726 730 732 735 733 732 734 734 733 735 737 740 745 748 752 756 759 763 766 769 774 775 778 782 786 790 793 798 799 802 804 806 810 811 814 820 825 830 832 834 836 839 844
763 762 760 756 753 749 743 738 737 737 737 737 733 730 723 720 719 718 714 710 708 707 706 705 704 705 704 701 700 700 700 703 705 703 701 700 700 700 699 699 699 700 701 703 703 704 707 708 710 712 715 718 720 723 726 729 729 729 729 731 730 731 730 734 739 742 746 750 753 757 760 763 766 770 773 774 778 781 785 787 789 794 797 800 802 806 808 810 817 822 825 828 831 833 836 839
756 752 749 749 752 749 742 742 743 740 743 739 731 730 726 725 723 722 718 711 710 709 709 709 708 707 704 703 700 700 700 703 707 706 703 701 700 700 700 700 700 699 700 700 700 702 703 706 708 709 712 715 718 720 722 725 726 727 726 727 727 728 729 733 737 739 743 747 751 755 757 759 762 765 769 771 774 777 780 783 785 789 793 797 799 803 806 809 812 817 821 824 827 829 832 835
746 747 744 748 753 749 745 746 747 749 744 737 730 730 729 730 728 727 723 719 717 717 716 713 710 709 706 705 705 704 703 705 710 707 704 702 701 700 702 701 700 701 702 701 702 703 703 703 705 707 711 713 715 718 719 721 722 725 723 723 724 726 729 731 735 738 741 745 749 753 755 757 759 761 765 769 771 774 777 779 782 786 789 794 797 800 803 807 809 812 816 820 820 824 829 832
740 740 740 746 752 750 748 750 751 750 745 735 737 732 731 734 735 734 729 724 732 731 725 721 714 711 712 710 709 710 711 710 711 709 706 705 704 701 703 704 702 702 704 704 704 704 705 705 704 705 710 711 713 715 717 719 720 722 722 721 723 725 728 730 732 736 739 742 747 751 752 754 757 759 761 765 768 771 774 777 779 783 787 791 794 797 801 804 807 810 813 815 814 819 824 828
737 739 740 746 750 750 750 753 750 749 744 739 740 734 737 740 741 743 742 739 738 741 735 728 720 724 724 724 724 729 722 717 713 709 708 707 705 702 705 706 705 704 706 706 707 706 706 706 707 706 708 709 711 712 714 716 718 720 720 720 722 725 727 729 730 734 738 741 745 750 750 752 755 757 759 761 765 769 772 775 778 780 784 787 791 794 799 802 805 807 810 810 809 815 820 824
739 743 748 750 755 755 754 755 750 747 742 741 743 741 745 748 748 751 752 750 750 746 743 740 734 736 739 737 738 738 730 717 712 710 710 708 706 705 706 708 707 706 707 708 708 708 708 708 708 708 707 707 709 709 711 714 715 717 719 720 722 724 726 728 730 734 739 741 746 750 748 750 753 755 758 759 762 766 770 773 776 778 781 784 788 790 796 800 802 804 806 806 807 810 814 818
760 760 760 758 758 758 758 758 753 749 747 747 747 746 750 754 754 756 755 752 750 750 746 747 749 750 747 744 741 737 729 717 713 711 711 709 708 708 709 710 709 708 709 709 710 710 709 709 710 709 708 708 710 710 710 712 714 715 718 720 721 723 726 728 730 734 739 741 744 746 746 748 751 754 756 758 761 765 769 771 773 777 779 782 785 789 792 796 799 801 801 802 804 806 809 815
758 760 760 759 758 759 760 764 764 759 750 750 750 746 755 760 759 758 757 754 750 750 741 741 747 749 745 741 736 727 720 717 715 714 712 710 710 710 710 711 710 710 710 711 712 712 711 711 712 711 710 710 710 711 710 712 713 715 718 720 720 722 725 728 730 733 736 739 740 740 745 747 749 752 754 757 759 763 766 768 771 774 777 780 782 785 788 792 794 798 799 799 802 803 806 812
748 755 760 760 759 760 771 780 778 772 759 753 752 750 758 764 763 760 759 758 754 750 744 740 740 734 732 729 725 720 720 719 717 716 714 714 712 713 714 713 711 712 713 712 713 715 715 714 714 714 713 711 711 712 711 714 713 715 717 720 720 721 724 727 729 730 733 736 737 739 742 745 748 750 752 755 757 759 762 766 769 771 774 777 779 781 784 787 790 791 793 795 799 802 804 809
740 745 754 757 758 762 772 780 783 778 769 757 754 755 757 768 767 765 763 764 758 753 748 743 740 733 730 729 722 723 723 721 719 718 718 717 716 716 716 715 714 716 716 715 715 717 718 717 716 715 715 713 712 713 713 715 715 714 717 719 720 721 724 725 728 729 730 731 735 738 740 742 746 748 750 753 756 757 759 763 767 770 770 775 777 778 780 782 785 788 787 790 794 800 803 806
738 739 749 752 756 760 772 778 781 780 773 762 758 763 766 770 770 769 770 769 767 760 752 748 741 739 730 725 725 726 726 724 722 720 720 720 719 718 720 719 717 718 720 720 718 720 721 720 719 717 717 716 715 714 715 717 716 715 716 719 720 720 721 724 726 728 729 730 733 736 738 740 744 747 749 752 754 756 758 760 764 766 769 772 774 776 776 778 780 783 781 786 791 798 801 803
744 739 744 747 753 758 770 774 778 779 774 768 765 773 778 779 777 774 774 772 771 766 757 750 742 734 728 729 728 729 728 727 725 722 723 724 721 721 722 722 720 721 721 722 722 721 722 721 721 719 719 719 720 719 716 717 718 717 715 717 719 720 720 723 725 726 728 729 731 734 737 740 742 745 747 750 752 754 756 758 760 762 767 770 772 772 772 775 777 780 779 785 790 795 798 800
752 751 755 756 759 757 761 771 775 775 771 770 769 776 780 780 780 777 773 772 770 760 750 741 740 735 733 732 733 731 731 730 728 726 727 727 725 724 724 725 724 724 724 725 724 724 723 723 723 721 720 720 721 720 719 718 720 720 719 716 718 719 720 721 724 725 727 728 730 732 735 738 740 742 744 747 750 752 754 755 757 760 763 766 768 769 770 772 774 775 778 781 788 792 795 798
759 761 767 774 775 768 769 771 774 777 774 771 773 774 776 778 777 775 771 763 756 750 750 747 742 738 737 736 738 737 735 734 731 731 729 731 729 727 729 728 729 728 727 727 727 726 725 725 725 723 722 721 721 721 720 720 721 721 720 719 718 719 720 720 722 724 726 727 729 731 734 737 739 740 741 744 747 750 752 752 755 758 760 761 763 765 767 770 771 773 777 780 785 789 792 795
763 770 775 781 781 777 774 777 778 778 778 776 777 777 776 774 772 771 760 758 751 752 750 750 746 743 741 741 742 743 740 738 738 736 735 735 732 732 732 733 734 732 731 730 729 729 728 727 726 726 725 723 723 721 722 722 722 722 721 721 721 719 719 720 721 723 725 726 728 730 733 736 738 739 739 741 744 746 750 750 753 755 757 759 759 761 765 768 770 772 775 778 781 785 789 793
773 785 782 783 782 779 779 780 781 782 781 781 781 781 778 775 771 770 762 761 759 757 755 752 751 749 747 746 749 748 748 744 745 743 741 741 739 739 738 737 737 738 736 733 733 731 730 729 728 727 727 726 724 723 724 724 723 724 722 723 723 721 719 720 720 722 724 726 728 730 733 735 737 737 738 739 741 743 747 749 751 753 755 756 758 760 762 765 769 770 773 776 779 783 787 789
788 791 793 789 784 781 780 780 785 787 785 787 787 783 779 777 774 772 771 766 764 762 759 755 756 755 752 752 755 754 753 750 749 752 749 746 743 745 744 743 741 743 741 739 737 734 733 732 730 730 729 728 726 726 725 726 726 725 724 723 724 723 721 721 721 721 723 725 728 730 732 734 735 736 737 738 739 740 745 747 750 750 752 754 756 759 760 761 766 769 772 774 778 780 783 785
801 804 799 799 793 789 785 785 788 792 790 791 791 786 781 779 778 777 776 772 770 768 765 761 760 761 759 758 759 762 760 757 758 758 755 751 751 749 751 749 748 746 745 742 740 738 737 738 735 732 730 730 729 728 728 727 728 728 725 724 726 725 723 722 722 723 723 725 727 730 731 733 734 735 736 737 738 739 743 746 747 749 750 752 755 757 759 760 763 767 771 773 777 780 781 781
809 813 808 806 802 796 790 789 793 798 797 796 795 790 783 782 781 784 781 777 774 774 772 772 773 773 769 769 769 770 769 767 764 766 760 757 757 758 759 758 754 751 748 747 745 743 741 741 738 735 733 731 732 731 730 729 730 729 727 727 728 727 726 724 723 724 724 725 728 730 731 732 733 734 735 736 737 739 741 743 745 747 750 751 753 755 758 760 762 765 770 772 776 779 780 782
819 821 820 812 811 805 801 799 803 803 803 803 800 794 790 791 790 793 788 783 780 780 780 778 781 779 779 778 778 778 779 777 775 772 770 767 764 766 764 766 760 757 751 751 750 748 747 746 743 739 736 733 733 733 732 731 731 731 730 729 729 729 728 727 726 726 726 725 729 730 730 731 732 734 735 736 737 739 740 741 743 746 749 750 752 754 756 758 760 764 768 770 775 777 780 783
816 821 826 821 815 814 810 808 807 809 808 807 804 800 799 801 801 800 797 792 790 789 791 787 786 789 785 787 787 786 785 786 784 778 778 775 774 773 771 771 769 762 755 754 755 755 753 750 747 742 739 736 735 735 735 733 733 734 732 731 731 730 731 730 728 727 730 729 729 728 729 730 731 733 734 736 737 738 739 741 742 745 747 749 751 752 754 757 760 763 767 770 774 777 780 782
801 816 826 831 823 821 818 816 818 818 817 813 810 808 808 806 807 806 805 803 802 800 800 799 799 798 794 800 798 797 795 793 792 789 785 779 782 780 779 777 774 767 760 758 757 765 760 756 752 745 742 739 737 737 737 737 736 735 734 734 733 732 732 731 730 729 730 731 731 730 729 730 730 732 734 735 736 737 739 740 741 743 746 748 750 751 754 757 759 761 766 770 772 776 779 780
812 816 826 832 830 826 822 826 830 828 829 824 824 822 818 819 813 815 811 812 809 808 808 805 808 808 804 805 807 805 804 803 802 800 796 788 788 789 789 782 777 774 771 770 769 771 769 762 756 749 745 741 739 739 740 740 738 738 736 737 736 734 734 733 732 731 730 732 732 732 730 730 730 731 733 734 736 738 739 740 740 742 744 746 749 750 753 757 759 761 766 770 771 774 777 780
824 828 832 835 837 833 828 831 839 836 834 836 835 835 830 832 826 824 825 822 823 819 819 814 821 817 810 813 816 814 812 811 808 809 806 798 795 800 797 792 786 779 784 791 789 779 776 768 758 753 749 745 744 743 742 741 742 740 739 740 739 737 736 735 734 733 731 732 733 733 731 732 732 732 734 734 735 737 739 740 740 742 744 747 748 750 753 756 759 762 765 769 770 772 774 776
844 841 841 842 847 840 836 840 849 843 844 843 849 848 842 840 836 836 838 835 836 833 831 828 830 829 821 821 826 828 826 823 819 816 813 809 805 803 805 801 795 784 790 796 795 788 783 773 764 758 753 748 748 747 746 744 745 744 742 742 741 739 738 736 736 735 734 733 734 734 734 733 734 734 736 735 735 737 739 740 741 743 745 747 748 750 753 756 758 760 763 767 770 771 772 774
877 867 862 861 865 862 855 851 857 853 858 863 865 864 859 849 844 853 848 849 846 846 845 841 839 839 837 834 835 834 838 833 834 829 823 818 815 809 809 805 798 790 790 801 801 798 792 780 771 763 758 754 754 753 750 749 749 747 746 745 744 742 739 738 737 737 736 735 736 736 736 736 736 735 737 737 736 737 738 739 741 742 744 746 748 749 751 754 756 759 762 766 768 769 770 772
899 897 882 873 895 892 884 876 869 863 871 879 880 881 869 861 866 873 862 861 862 856 862 855 854 851 849 845 844 842 846 847 845 839 831 831 828 821 817 810 802 803 803 804 807 803 800 789 776 772 767 764 760 758 755 754 753 751 750 749 747 745 742 740 739 738 738 738 738 738 738 738 738 738 739 739 739 739 740 740 740 741 744 746 748 749 750 752 755 758 761 763 765 766 769 771
930 919 890 892 909 918 916 904 879 876 880 902 902 895 872 881 889 889 877 885 878 872 882 869 873 873 864 865 864 860 858 863 861 849 843 840 835 834 831 818 812 819 817 811 813 807 801 789 780 782 778 775 771 767 761 759 758 756 755 753 751 748 746 743 742 740 740 740 740 740 740 741 740 740 740 740 740 742 742 742 742 742 744 746 748 750 750 751 753 756 758 760 762 762 767 770
945 933 900 910 927 945 938 911 891 893 900 915 925 908 890 903 914 913 892 905 884 886 900 885 897 900 873 888 893 890 875 868 877 863 864 858 840 848 846 834 820 840 833 822 823 813 806 802 801 797 786 784 777 772 770 768 765 761 761 758 756 753 749 747 745 743 741 742 743 742 741 743 743 743 743 743 744 745 745 744 746 746 748 749 749 750 750 750 751 753 756 759 760 760 763 766
957 945 912 929 946 953 942 910 906 906 921 942 944 917 898 926 945 935 908 916 899 909 913 898 930 914 888 902 923 908 882 893 897 882 885 866 852 872 869 849 835 850 838 838 836 827 815 811 809 804 800 792 783 777 775 775 772 770 767 765 762 757 753 750 747 745 744 744 746 745 744 745 745 746 746 746 746 748 748 748 750 750 751 750 750 750 753 750 750 751 756 757 759 759 760 761
975 959 921 939 969 965 949 919 930 919 927 958 959 931 921 944 959 944 928 930 922 938 931 922 951 921 912 936 940 908 908 925 920 910 905 874 870 896 892 876 859 861 845 858 860 846 829 824 820 813 806 800 790 780 778 780 778 775 774 773 768 762 757 753 750 748 746 747 748 748 747 747 747 749 749 749 750 750 750 750 752 750 753 751 753 751 757 755 755 758 760 762 761 762 763 766
