src.contrib/CERL/raster/nodenumber/elev.smooth
north: 5179875
south: 5163225
east: 725885
west: 692585
rows: 185
cols: 370
[rows 47 to 93 of 185, columns 96 to 191 of 370]
613 614 615 615 615 615 615 616 617 617 618 619 620 622 630 636 638 633 651 660 661 664 662 661 655 640 638 644 653 662 679 673 665 654 639 623 620 620 620 619 619 619 619 620 620 627 629 630 634 635 637 638 639 641 647 651 655 660 661 664 666 669 672 676 679 683 687 690 693 689 690 696 703 711 720 730 737 739 738 744 748 752 759 764 768 778 785 781 778 789 805 810 816 821 825 821
612 614 613 613 613 613 613 614 615 615 615 616 618 618 621 622 624 631 640 658 660 663 662 661 660 646 637 638 647 652 658 663 661 657 641 626 620 620 620 619 618 618 618 619 620 625 627 629 632 634 634 636 638 640 643 647 651 656 658 662 663 666 669 673 676 680 681 684 685 687 685 690 697 704 714 721 728 730 733 737 737 744 750 752 757 766 771 762 767 784 798 801 793 790 799 803
612 612 610 610 611 611 612 612 613 614 614 614 615 616 617 620 624 631 637 648 655 657 658 660 655 646 638 633 640 644 644 649 647 655 642 628 620 620 619 618 618 617 618 619 620 623 626 629 631 632 633 634 636 638 639 642 646 652 654 658 660 663 666 670 671 674 676 678 678 679 680 685 693 699 709 714 720 723 726 727 730 738 741 744 745 752 756 756 761 772 777 782 777 770 776 780
610 610 609 608 609 609 610 610 610 611 612 611 613 615 618 620 625 630 635 639 647 648 649 650 645 641 638 634 632 637 639 639 639 641 644 632 620 619 618 617 617 617 618 619 620 622 625 628 630 631 631 633 635 636 637 639 641 648 650 653 655 659 663 666 667 669 672 674 673 675 677 681 689 696 703 708 712 716 717 720 723 731 732 734 735 740 742 748 753 756 763 765 766 758 765 779
608 608 607 606 607 607 607 608 607 608 609 610 614 617 620 620 626 630 634 638 640 643 651 658 652 646 639 635 631 633 635 636 635 634 638 635 624 620 617 616 616 617 618 619 620 622 625 627 629 630 630 631 632 634 636 637 640 644 646 647 650 655 661 662 662 663 668 670 669 672 675 678 684 691 698 700 705 708 708 713 718 724 724 726 730 731 733 740 743 745 750 755 753 754 761 771
605 605 605 605 605 604 605 605 604 606 609 610 613 618 620 621 624 630 633 636 639 644 652 661 661 653 642 636 631 627 631 631 632 631 631 629 625 620 616 615 615 616 617 618 620 622 624 624 626 627 628 629 630 632 634 636 638 640 641 643 645 649 656 659 657 658 663 666 664 668 672 676 680 684 691 694 699 699 699 705 712 716 718 718 721 725 724 731 735 738 740 742 743 749 755 760
605 604 602 603 603 602 602 602 603 606 610 610 613 618 620 623 626 630 634 637 640 643 654 661 664 660 647 637 630 626 627 627 627 627 626 622 621 619 615 615 615 616 616 617 618 621 622 622 623 624 625 627 628 630 632 634 635 637 638 639 640 644 650 653 653 655 660 662 661 665 668 672 676 680 684 688 691 695 693 699 706 710 709 710 713 716 716 721 728 731 733 734 737 743 748 748
607 606 604 602 601 600 600 600 601 604 608 610 613 617 621 625 627 631 636 640 640 644 649 657 663 661 654 637 629 624 624 623 623 622 622 617 618 615 615 616 616 617 618 619 620 619 619 620 620 621 623 624 626 627 630 632 633 634 634 636 637 638 644 647 649 650 655 657 656 661 665 668 672 677 678 681 683 688 688 692 699 701 701 702 707 708 710 711 721 725 728 729 731 737 742 737
610 609 607 606 604 603 600 598 600 603 605 610 613 617 620 625 628 631 634 635 635 638 639 640 653 661 647 632 626 621 621 621 620 620 620 617 613 615 616 617 618 619 620 623 624 622 623 622 620 620 620 622 623 625 627 630 630 631 631 633 634 636 639 641 642 645 646 650 651 656 662 664 668 673 674 677 677 681 684 685 691 693 696 696 700 702 701 700 715 719 722 724 726 730 733 733
616 612 610 609 609 607 601 595 601 602 603 607 611 616 620 622 622 624 626 627 628 632 635 637 638 639 635 629 620 620 620 620 620 620 617 615 612 616 617 618 619 620 623 628 629 628 626 626 623 620 620 620 621 623 624 627 627 628 628 630 632 633 635 637 638 641 643 643 647 651 657 659 664 668 670 672 674 676 678 679 683 685 690 691 692 695 696 699 708 712 715 719 720 722 725 727
621 616 613 617 618 611 601 600 604 606 606 607 608 613 618 619 619 619 620 621 621 627 632 635 633 633 632 623 618 620 620 620 620 620 615 612 614 617 618 619 619 621 627 632 634 632 633 632 628 625 624 623 622 620 621 623 624 625 626 628 629 630 632 633 634 636 638 639 642 645 652 655 660 664 666 669 669 672 673 676 677 679 684 685 685 690 692 696 703 705 710 713 715 716 718 721
622 620 618 620 620 608 591 587 607 610 609 608 608 609 613 615 616 617 618 619 619 623 629 633 630 626 626 623 616 618 620 620 620 617 611 613 615 617 620 621 622 622 630 636 639 638 640 638 636 631 630 629 627 626 625 624 625 624 625 625 626 628 629 630 631 632 635 637 639 640 647 650 654 659 663 665 664 667 668 672 674 675 678 679 680 685 687 691 697 700 704 707 710 712 713 717
616 616 611 609 590 581 581 597 609 615 615 612 609 610 611 612 613 615 616 617 619 623 628 631 625 620 620 620 617 614 615 613 613 612 612 615 617 618 620 625 626 628 632 644 659 662 661 658 648 649 641 640 635 632 630 628 627 627 627 627 626 626 628 629 629 630 632 635 637 638 642 645 650 653 658 660 661 661 664 668 669 671 673 675 676 681 682 687 692 695 697 700 704 706 708 713
605 608 607 599 565 581 599 605 612 619 620 618 616 617 617 616 615 616 617 619 620 620 630 624 620 620 620 620 613 609 607 609 611 611 613 617 618 619 620 627 630 631 636 650 665 680 680 675 674 670 667 660 655 643 637 633 629 630 629 628 628 627 627 627 628 629 630 633 635 636 639 641 644 647 651 653 655 657 660 664 664 668 669 670 672 676 677 681 686 690 694 695 699 700 704 710
571 580 591 574 559 577 599 610 619 620 623 625 624 623 625 623 621 621 622 623 623 625 633 623 622 621 621 619 607 605 605 614 615 615 617 619 619 620 623 628 631 634 637 643 660 673 687 697 701 697 686 679 677 667 653 640 634 635 633 630 629 628 629 628 629 630 630 631 633 634 636 638 640 642 644 647 649 651 656 661 661 664 665 666 668 670 673 677 681 684 690 690 693 695 701 706
540 546 550 553 552 554 570 602 610 619 621 621 627 632 634 634 634 633 628 630 629 630 635 629 628 627 624 619 605 604 607 612 619 619 621 620 623 622 626 630 633 635 638 640 654 663 676 692 704 720 713 704 693 690 673 658 642 641 636 634 632 630 630 630 630 631 633 632 631 632 634 636 637 639 640 640 643 646 651 655 656 660 660 661 663 664 669 673 677 680 684 687 686 690 696 701
561 549 555 552 554 559 552 570 583 594 599 602 605 623 631 640 642 642 637 637 636 636 637 633 634 631 626 621 600 602 609 617 625 629 631 631 630 633 634 636 637 638 640 643 650 658 669 677 687 704 720 726 714 708 694 672 651 648 641 638 636 633 633 632 633 634 634 634 634 632 632 634 636 637 638 639 639 641 646 650 650 655 657 659 659 660 665 670 673 676 680 682 682 686 693 698
604 589 573 571 576 597 565 559 557 558 559 560 573 590 616 630 641 643 645 643 640 641 639 639 640 637 632 622 600 601 611 619 629 639 644 644 643 646 644 643 644 640 643 648 648 655 663 674 682 692 703 720 720 720 696 675 660 659 656 650 642 639 636 636 637 636 637 637 636 635 634 634 634 635 636 638 639 639 641 643 645 651 653 656 656 658 660 666 669 672 675 677 680 681 688 693
621 608 602 596 580 599 604 588 583 576 572 570 569 568 595 615 627 640 642 646 651 650 648 645 646 647 642 627 602 600 612 621 632 640 651 656 657 654 659 653 651 644 647 655 656 654 663 673 680 681 695 700 702 701 694 664 660 664 677 675 667 656 647 639 639 640 639 639 638 638 636 636 636 635 635 636 638 638 639 640 640 646 649 653 655 656 659 662 665 668 670 673 677 680 683 687
625 617 609 603 600 601 600 604 603 601 600 585 581 573 570 590 609 620 629 636 641 651 656 654 654 653 646 631 607 596 612 621 633 640 649 660 661 661 662 661 657 651 649 661 661 661 660 673 680 680 690 693 684 681 680 660 660 666 683 693 691 681 671 661 659 653 644 647 643 640 639 638 637 637 637 637 636 637 639 639 640 641 645 649 652 654 657 660 662 664 667 671 674 677 679 681
631 624 616 607 604 603 601 602 604 602 600 600 600 595 581 569 577 595 611 624 635 645 652 659 660 660 659 634 608 595 612 620 630 640 647 656 661 663 664 663 661 656 654 665 669 671 663 675 683 687 691 691 682 680 679 661 660 664 680 700 701 705 696 687 677 672 664 660 654 648 645 641 639 639 638 638 638 637 638 639 639 640 643 646 650 652 655 657 659 661 664 668 671 674 677 679
631 633 621 612 608 606 605 603 605 603 600 601 601 601 600 588 570 575 594 610 625 640 647 657 662 662 660 634 609 594 611 621 632 640 646 655 660 662 667 666 663 660 658 667 674 680 668 680 688 693 697 698 689 681 679 670 664 674 680 683 706 720 719 712 704 694 686 683 670 655 655 651 644 640 640 639 638 638 639 640 640 640 642 645 648 650 653 655 658 660 661 665 668 671 673 676
631 639 628 616 612 609 608 607 606 603 601 602 602 602 601 600 579 571 577 590 605 616 637 651 662 664 657 633 602 596 611 620 632 640 645 651 659 661 664 669 667 661 662 671 676 681 672 680 689 700 701 701 694 686 680 680 677 675 680 680 685 709 721 723 722 715 710 698 677 660 671 664 655 651 645 643 640 639 640 644 642 640 642 645 647 649 652 654 656 657 659 663 664 668 670 672
631 638 637 621 615 612 611 609 605 602 602 604 604 602 601 600 580 578 575 575 578 591 611 632 647 651 643 631 604 596 613 620 630 640 641 643 657 660 661 673 673 674 673 675 679 684 677 680 689 700 704 707 701 694 694 698 693 682 680 680 680 696 712 722 723 721 720 690 680 682 688 689 674 664 655 653 646 644 642 647 645 642 642 644 646 648 650 652 653 654 657 660 662 665 666 669
629 638 640 627 618 615 613 609 605 603 604 606 604 602 601 600 581 598 596 585 582 577 579 596 618 627 630 629 611 585 605 619 624 639 640 641 655 660 663 675 677 678 679 680 680 683 681 680 690 699 706 715 717 708 704 704 700 690 685 691 689 696 700 708 708 708 699 680 680 689 715 707 699 683 670 660 657 654 650 651 649 645 642 644 645 647 649 650 652 653 653 657 659 662 662 666
622 631 640 626 617 614 611 608 604 605 606 608 604 602 601 600 598 601 601 597 593 588 578 578 589 599 612 619 620 591 600 619 631 641 652 652 656 664 674 681 682 684 684 687 685 687 688 684 689 697 700 720 722 721 711 709 701 699 698 706 704 705 702 703 700 696 680 680 680 700 720 727 722 710 697 684 671 667 658 656 653 649 644 643 645 645 647 649 650 651 650 654 657 659 660 662
619 621 626 623 613 611 608 606 606 607 608 608 605 602 600 600 601 603 602 601 600 600 590 583 579 580 580 585 600 593 596 627 649 660 660 662 666 675 693 699 700 700 694 696 694 695 695 694 695 698 704 720 725 724 721 716 711 710 710 714 720 719 716 714 712 700 690 685 680 690 719 739 740 739 727 715 700 682 668 662 657 653 652 647 647 647 646 647 648 649 651 651 655 657 658 660
617 618 618 616 612 608 607 607 608 610 611 608 604 600 601 600 603 604 604 603 602 600 601 601 590 581 581 582 585 590 601 623 646 660 660 667 680 694 701 720 720 720 722 715 707 705 703 699 706 706 707 720 727 728 727 724 722 719 722 720 724 723 723 722 721 715 709 707 695 692 706 731 758 760 740 733 718 690 679 680 666 658 660 656 654 652 649 647 649 652 653 652 653 656 657 658
617 615 613 611 610 611 610 610 610 611 612 609 605 601 602 603 605 606 607 605 603 601 602 606 604 603 588 590 590 592 599 602 626 640 649 651 674 693 701 719 729 740 740 730 726 719 715 711 717 721 717 720 726 732 733 732 730 730 730 727 729 727 726 726 723 720 722 720 707 696 702 723 742 739 721 714 699 682 680 701 693 679 672 672 662 658 655 654 656 657 657 654 653 653 656 657
615 614 613 615 614 613 613 613 613 613 613 609 605 602 605 607 608 609 608 606 605 602 603 609 613 619 616 605 598 596 597 596 600 616 618 628 653 666 679 703 722 735 741 742 740 739 732 722 722 725 723 724 728 734 733 732 731 729 726 727 730 730 730 729 727 723 725 721 712 702 713 724 737 736 720 700 694 680 680 706 720 709 697 692 684 676 664 659 664 661 660 657 655 654 654 656
615 614 617 618 618 616 615 615 615 615 614 609 605 605 606 610 611 611 610 609 607 605 606 611 617 622 620 611 600 600 602 603 604 606 607 614 628 641 664 680 704 722 736 743 744 741 740 735 733 730 729 729 733 736 733 727 724 723 719 721 727 729 732 733 731 731 729 724 718 715 717 735 736 732 721 706 695 684 681 700 716 720 722 720 707 702 689 677 676 668 666 659 657 657 656 655
617 617 619 627 630 619 617 618 617 617 615 610 607 608 609 610 614 614 613 611 610 609 611 614 620 623 621 615 602 601 606 610 611 618 619 611 614 621 642 661 678 697 717 730 738 741 734 738 740 735 734 735 736 738 733 725 718 715 714 719 725 727 729 732 735 736 735 732 728 728 732 735 735 731 724 718 706 699 699 700 703 721 733 734 728 723 717 703 687 676 674 666 659 659 658 657
619 619 623 641 646 634 620 619 619 619 616 612 609 611 612 613 617 616 615 613 612 613 614 617 619 624 622 611 602 604 609 614 619 620 625 622 617 615 619 630 656 674 686 706 716 727 731 731 739 737 737 739 739 737 730 720 714 706 710 717 723 724 726 728 730 735 739 740 740 738 736 734 734 731 726 722 718 714 717 715 703 719 734 747 746 740 732 719 692 680 691 680 670 661 660 659
621 626 633 641 660 651 632 620 620 621 619 616 611 614 616 617 618 618 618 616 615 617 618 618 620 622 620 606 606 606 611 617 620 623 629 632 628 620 620 620 627 655 672 682 699 714 722 725 733 740 744 755 744 737 726 718 705 700 707 715 721 721 723 723 724 732 740 740 740 737 735 732 733 732 732 733 727 724 726 723 716 718 732 747 757 742 729 702 699 704 714 697 687 679 671 668
633 635 641 649 660 660 643 626 620 623 622 620 616 616 620 620 621 620 620 620 618 619 620 620 620 621 616 608 611 612 613 616 621 625 628 636 640 640 640 624 620 641 663 677 694 702 705 717 728 740 750 760 746 733 720 713 701 695 704 710 714 716 719 718 721 728 735 738 737 730 732 730 732 735 740 747 738 733 733 728 721 721 731 735 732 723 720 703 700 720 723 724 712 704 691 684
636 640 644 651 655 654 645 632 621 625 624 622 620 619 621 623 624 623 622 622 620 622 621 620 620 619 614 612 615 619 619 616 622 627 630 636 640 641 641 633 621 637 659 671 684 687 689 703 720 733 744 752 744 725 717 707 699 689 700 703 703 706 709 712 715 722 727 728 728 722 729 729 731 735 742 750 749 744 740 736 731 729 730 728 727 722 718 702 701 720 732 738 736 726 713 701
627 634 637 641 644 646 640 633 624 624 626 625 623 622 624 626 627 626 624 624 624 624 623 621 620 618 613 617 619 620 620 617 625 628 631 635 639 641 642 639 623 630 650 662 674 676 679 694 709 723 732 738 735 724 715 700 694 683 691 696 694 699 700 707 710 716 720 719 720 720 727 728 731 734 738 741 744 746 745 743 739 738 738 740 738 725 717 706 709 717 735 746 755 747 737 729
622 626 630 634 636 637 634 628 622 626 627 627 626 624 626 629 630 629 627 627 626 628 625 623 621 619 617 618 622 622 620 620 627 630 633 636 638 641 643 634 625 626 642 654 663 667 675 685 697 712 723 723 726 723 720 704 689 679 679 686 688 690 697 701 705 711 716 712 716 719 724 727 730 734 736 737 738 740 740 741 743 740 740 740 738 732 724 718 718 720 730 752 762 764 759 754
625 625 624 628 629 632 630 625 625 629 629 629 629 628 629 631 633 633 631 630 630 630 627 624 621 620 620 622 623 623 622 621 627 633 636 639 640 644 643 629 628 626 637 647 654 660 668 675 682 693 701 706 720 721 720 698 683 674 676 677 679 683 691 697 700 706 709 708 713 717 720 724 730 734 733 733 732 736 738 739 742 740 737 739 740 740 730 725 725 727 735 746 761 768 768 764
630 628 629 632 633 632 630 628 629 632 631 631 632 631 632 634 637 636 635 633 632 632 629 626 623 623 621 625 625 624 623 625 628 635 640 641 643 646 638 631 631 629 629 639 646 652 660 665 670 675 680 681 698 702 703 677 673 678 681 679 680 680 684 693 700 700 701 700 710 715 719 723 728 732 729 727 729 731 735 738 740 737 735 736 740 740 736 732 732 732 739 746 758 765 762 762
635 633 633 635 640 639 634 632 633 634 633 633 633 635 637 638 639 641 639 637 636 635 632 628 627 627 625 629 628 626 625 627 631 635 642 644 646 649 638 634 638 635 632 632 637 643 651 653 656 656 659 669 674 678 677 670 681 690 697 687 686 684 682 688 693 696 697 700 706 712 717 721 725 730 725 722 723 727 732 736 736 735 731 733 734 736 733 735 735 736 740 747 755 760 760 758
635 637 637 638 643 643 639 636 635 637 637 637 637 638 643 643 643 643 644 641 639 640 635 631 635 631 629 632 634 631 630 630 633 636 640 646 649 649 641 636 641 640 639 640 639 636 641 643 648 660 660 660 663 666 667 678 693 700 701 693 690 690 687 684 689 690 693 698 703 708 712 717 721 725 725 720 720 724 729 730 727 730 727 729 730 729 729 733 735 737 739 746 753 756 754 750
635 640 640 640 643 646 644 640 639 640 640 641 641 640 645 648 649 648 647 646 644 641 636 639 640 637 633 635 640 637 635 633 635 638 641 648 652 649 641 637 642 641 640 640 641 641 639 639 646 658 660 660 663 669 675 680 698 701 703 699 695 695 693 692 689 686 690 694 700 702 704 708 713 719 723 721 720 721 726 722 720 725 725 724 725 723 722 731 734 737 739 743 752 751 749 746
637 640 642 644 646 647 649 646 645 644 645 645 644 643 649 651 653 652 650 650 648 641 639 643 643 640 637 637 642 643 642 638 636 640 643 647 654 650 644 640 645 646 643 643 641 647 645 644 642 648 659 660 665 676 680 680 696 700 703 705 702 699 699 701 700 699 696 693 695 698 700 700 706 711 718 719 718 720 718 718 719 720 721 721 720 720 720 728 734 738 741 746 746 745 743 742
638 641 644 647 649 650 652 653 651 650 649 650 648 648 651 656 656 656 655 654 651 643 643 645 647 642 639 637 645 649 646 641 638 641 645 649 653 651 646 642 646 650 648 646 643 648 650 650 646 644 652 660 665 673 680 681 690 695 700 703 709 706 702 712 714 707 700 698 698 695 697 698 700 703 709 713 713 715 713 715 718 720 719 719 719 720 720 726 732 739 741 743 742 740 737 736
643 642 646 650 652 653 654 658 657 656 655 654 653 653 657 659 661 659 658 657 653 646 647 649 651 646 643 641 644 654 651 646 642 643 647 651 655 653 647 645 648 651 653 649 646 649 654 653 650 647 646 657 663 669 676 680 683 687 693 697 701 708 715 720 720 714 705 700 708 705 703 704 703 703 701 705 706 711 709 710 714 716 715 716 717 718 721 725 730 733 736 737 735 736 731 730
648 646 648 653 655 656 657 658 662 661 660 658 660 658 660 662 663 662 660 660 657 650 651 653 654 652 650 648 642 659 657 651 647 644 649 654 658 655 649 649 651 654 657 653 648 652 655 658 654 651 647 651 658 664 671 676 678 680 685 692 698 705 712 720 717 719 712 705 713 719 718 714 711 715 711 706 703 703 705 706 710 711 712 713 715 716 719 722 724 728 729 729 729 730 726 724
