Results of the first run:

amplitude[0]=104.068893
amplitude[1]=1291.392841
amplitude[2]=236.047919
amplitude[3]=698.951284
amplitude[4]=731.967002
amplitude[5]=1049.798992
amplitude[6]=707.745718
amplitude[7]=837.062852
amplitude[8]=489.190689
amplitude[9]=1360.088478
amplitude[10]=636.575700
amplitude[11]=749.393019
amplitude[12]=1777.531593
amplitude[13]=1113.589752
amplitude[14]=326.134761
amplitude[15]=219.541544



Results of the second run:

amplitude[0]=98.769606
amplitude[1]=588.253647
amplitude[2]=1073.065908
amplitude[3]=779.942898
amplitude[4]=579.100285
amplitude[5]=557.272492
amplitude[6]=400.036725
amplitude[7]=29.802638
amplitude[8]=826.825725
amplitude[9]=461.867338
amplitude[10]=707.152247
amplitude[11]=409.109600
amplitude[12]=558.702313
amplitude[13]=1004.974783
amplitude[14]=655.685702
amplitude[15]=507.701268

