proj:       99
zone:       0
north:      230873.33540373
south:      -66749.07453416
east:       -1176.41717791
west:       -76063.22699387
cols:       150
rows:       595
e-w resol:  499.24539877
n-s resol:  500.20573099
