proj:       2
zone:       5426
north:      699880.000000
south:      679708.000000
west:       1679153.600000
east:       1693520.000000
n-s resol:  98.400000
e-w resol:  98.400000
format:     1
compressed: 1
